6.810000 0.000000 0.000000 -0.000000 0.383201 0.000000
6.291620 2.606074 0.000000 -0.146645 0.354031 0.000000
4.815397 4.815397 0.000000 -0.270964 0.270964 0.000000
2.606074 6.291620 0.000000 -0.354031 0.146645 0.000000
0.000000 6.810000 0.000000 -0.383201 0.000000 0.000000
-2.606074 6.291620 0.000000 -0.354031 -0.146645 0.000000
-4.815397 4.815397 0.000000 -0.270964 -0.270964 0.000000
-6.291620 2.606074 0.000000 -0.146645 -0.354031 0.000000
-6.810000 0.000000 0.000000 -0.000000 -0.383201 0.000000
-6.291620 -2.606074 0.000000 0.146645 -0.354031 0.000000
-4.815397 -4.815397 0.000000 0.270964 -0.270964 0.000000
-2.606074 -6.291620 0.000000 0.354031 -0.146645 0.000000
-0.000000 -6.810000 0.000000 0.383201 -0.000000 0.000000
2.606074 -6.291620 0.000000 0.354031 0.146645 0.000000
4.815397 -4.815397 0.000000 0.270964 0.270964 0.000000
6.291620 -2.606074 0.000000 0.146645 0.354031 0.000000
8.640000 0.000000 0.000000 -0.000000 0.340207 0.000000
7.982319 3.306385 0.000000 -0.130192 0.314310 0.000000
6.109403 6.109403 0.000000 -0.240563 0.240563 0.000000
3.306385 7.982319 0.000000 -0.314310 0.130192 0.000000
0.000000 8.640000 0.000000 -0.340207 0.000000 0.000000
-3.306385 7.982319 0.000000 -0.314310 -0.130192 0.000000
-6.109403 6.109403 0.000000 -0.240563 -0.240563 0.000000
-7.982319 3.306385 0.000000 -0.130192 -0.314310 0.000000
-8.640000 0.000000 0.000000 -0.000000 -0.340207 0.000000
-7.982319 -3.306385 0.000000 0.130192 -0.314310 0.000000
-6.109403 -6.109403 0.000000 0.240563 -0.240563 0.000000
-3.306385 -7.982319 0.000000 0.314310 -0.130192 0.000000
-0.000000 -8.640000 0.000000 0.340207 -0.000000 0.000000
3.306385 -7.982319 0.000000 0.314310 0.130192 0.000000
6.109403 -6.109403 0.000000 0.240563 0.240563 0.000000
7.982319 -3.306385 0.000000 0.130192 0.314310 0.000000
8.840000 0.000000 0.000000 -0.000000 0.336336 0.000000
8.167095 3.382922 0.000000 -0.128710 0.310734 0.000000
6.250824 6.250824 0.000000 -0.237826 0.237826 0.000000
3.382922 8.167095 0.000000 -0.310734 0.128710 0.000000
0.000000 8.840000 0.000000 -0.336336 0.000000 0.000000
-3.382922 8.167095 0.000000 -0.310734 -0.128710 0.000000
-6.250824 6.250824 0.000000 -0.237826 -0.237826 0.000000
-8.167095 3.382922 0.000000 -0.128710 -0.310734 0.000000
-8.840000 0.000000 0.000000 -0.000000 -0.336336 0.000000
-8.167095 -3.382922 0.000000 0.128710 -0.310734 0.000000
-6.250824 -6.250824 0.000000 0.237826 -0.237826 0.000000
-3.382922 -8.167095 0.000000 0.310734 -0.128710 0.000000
-0.000000 -8.840000 0.000000 0.336336 -0.000000 0.000000
3.382922 -8.167095 0.000000 0.310734 0.128710 0.000000
6.250824 -6.250824 0.000000 0.237826 0.237826 0.000000
8.167095 -3.382922 0.000000 0.128710 0.310734 0.000000
11.850000 0.000000 0.000000 -0.000000 0.290496 0.000000
10.947972 4.534799 0.000000 -0.111168 0.268384 0.000000
8.379215 8.379215 0.000000 -0.205412 0.205412 0.000000
4.534799 10.947972 0.000000 -0.268384 0.111168 0.000000
0.000000 11.850000 0.000000 -0.290496 0.000000 0.000000
-4.534799 10.947972 0.000000 -0.268384 -0.111168 0.000000
-8.379215 8.379215 0.000000 -0.205412 -0.205412 0.000000
-10.947972 4.534799 0.000000 -0.111168 -0.268384 0.000000
-11.850000 0.000000 0.000000 -0.000000 -0.290496 0.000000
-10.947972 -4.534799 0.000000 0.111168 -0.268384 0.000000
-8.379215 -8.379215 0.000000 0.205412 -0.205412 0.000000
-4.534799 -10.947972 0.000000 0.268384 -0.111168 0.000000
-0.000000 -11.850000 0.000000 0.290496 -0.000000 0.000000
4.534799 -10.947972 0.000000 0.268384 0.111168 0.000000
8.379215 -8.379215 0.000000 0.205412 0.205412 0.000000
10.947972 -4.534799 0.000000 0.111168 0.268384 0.000000
11.930000 0.000000 0.000000 -0.000000 0.289521 0.000000
11.021883 4.565413 0.000000 -0.110795 0.267482 0.000000
8.435784 8.435784 0.000000 -0.204722 0.204722 0.000000
4.565413 11.021883 0.000000 -0.267482 0.110795 0.000000
0.000000 11.930000 0.000000 -0.289521 0.000000 0.000000
-4.565413 11.021883 0.000000 -0.267482 -0.110795 0.000000
-8.435784 8.435784 0.000000 -0.204722 -0.204722 0.000000
-11.021883 4.565413 0.000000 -0.110795 -0.267482 0.000000
-11.930000 0.000000 0.000000 -0.000000 -0.289521 0.000000
-11.021883 -4.565413 0.000000 0.110795 -0.267482 0.000000
-8.435784 -8.435784 0.000000 0.204722 -0.204722 0.000000
-4.565413 -11.021883 0.000000 0.267482 -0.110795 0.000000
-0.000000 -11.930000 0.000000 0.289521 -0.000000 0.000000
4.565413 -11.021883 0.000000 0.267482 0.110795 0.000000
8.435784 -8.435784 0.000000 0.204722 0.204722 0.000000
11.021883 -4.565413 0.000000 0.110795 0.267482 0.000000
12.470000 0.000000 0.000000 -0.000000 0.283183 0.000000
11.520778 4.772062 0.000000 -0.108369 0.261627 0.000000
8.817622 8.817622 0.000000 -0.200240 0.200240 0.000000
4.772062 11.520778 0.000000 -0.261627 0.108369 0.000000
0.000000 12.470000 0.000000 -0.283183 0.000000 0.000000
-4.772062 11.520778 0.000000 -0.261627 -0.108369 0.000000
-8.817622 8.817622 0.000000 -0.200240 -0.200240 0.000000
-11.520778 4.772062 0.000000 -0.108369 -0.261627 0.000000
-12.470000 0.000000 0.000000 -0.000000 -0.283183 0.000000
-11.520778 -4.772062 0.000000 0.108369 -0.261627 0.000000
-8.817622 -8.817622 0.000000 0.200240 -0.200240 0.000000
-4.772062 -11.520778 0.000000 0.261627 -0.108369 0.000000
-0.000000 -12.470000 0.000000 0.283183 -0.000000 0.000000
4.772062 -11.520778 0.000000 0.261627 0.108369 0.000000
8.817622 -8.817622 0.000000 0.200240 0.200240 0.000000
11.520778 -4.772062 0.000000 0.108369 0.261627 0.000000
12.550000 0.000000 0.000000 -0.000000 0.282279 0.000000
11.594688 4.802677 0.000000 -0.108023 0.260792 0.000000
8.874190 8.874190 0.000000 -0.199601 0.199601 0.000000
4.802677 11.594688 0.000000 -0.260792 0.108023 0.000000
0.000000 12.550000 0.000000 -0.282279 0.000000 0.000000
-4.802677 11.594688 0.000000 -0.260792 -0.108023 0.000000
-8.874190 8.874190 0.000000 -0.199601 -0.199601 0.000000
-11.594688 4.802677 0.000000 -0.108023 -0.260792 0.000000
-12.550000 0.000000 0.000000 -0.000000 -0.282279 0.000000
-11.594688 -4.802677 0.000000 0.108023 -0.260792 0.000000
-8.874190 -8.874190 0.000000 0.199601 -0.199601 0.000000
-4.802677 -11.594688 0.000000 0.260792 -0.108023 0.000000
-0.000000 -12.550000 0.000000 0.282279 -0.000000 0.000000
4.802677 -11.594688 0.000000 0.260792 0.108023 0.000000
8.874190 -8.874190 0.000000 0.199601 0.199601 0.000000
11.594688 -4.802677 0.000000 0.108023 0.260792 0.000000
13.460000 0.000000 0.000000 -0.000000 0.272570 0.000000
12.435419 5.150919 0.000000 -0.104308 0.251822 0.000000
9.517657 9.517657 0.000000 -0.192736 0.192736 0.000000
5.150919 12.435419 0.000000 -0.251822 0.104308 0.000000
0.000000 13.460000 0.000000 -0.272570 0.000000 0.000000
-5.150919 12.435419 0.000000 -0.251822 -0.104308 0.000000
-9.517657 9.517657 0.000000 -0.192736 -0.192736 0.000000
-12.435419 5.150919 0.000000 -0.104308 -0.251822 0.000000
-13.460000 0.000000 0.000000 -0.000000 -0.272570 0.000000
-12.435419 -5.150919 0.000000 0.104308 -0.251822 0.000000
-9.517657 -9.517657 0.000000 0.192736 -0.192736 0.000000
-5.150919 -12.435419 0.000000 0.251822 -0.104308 0.000000
-0.000000 -13.460000 0.000000 0.272570 -0.000000 0.000000
5.150919 -12.435419 0.000000 0.251822 0.104308 0.000000
9.517657 -9.517657 0.000000 0.192736 0.192736 0.000000
12.435419 -5.150919 0.000000 0.104308 0.251822 0.000000
13.540000 0.000000 0.000000 -0.000000 0.271763 0.000000
12.509329 5.181534 0.000000 -0.103999 0.251076 0.000000
9.574226 9.574226 0.000000 -0.192166 0.192166 0.000000
5.181534 12.509329 0.000000 -0.251076 0.103999 0.000000
0.000000 13.540000 0.000000 -0.271763 0.000000 0.000000
-5.181534 12.509329 0.000000 -0.251076 -0.103999 0.000000
-9.574226 9.574226 0.000000 -0.192166 -0.192166 0.000000
-12.509329 5.181534 0.000000 -0.103999 -0.251076 0.000000
-13.540000 0.000000 0.000000 -0.000000 -0.271763 0.000000
-12.509329 -5.181534 0.000000 0.103999 -0.251076 0.000000
-9.574226 -9.574226 0.000000 0.192166 -0.192166 0.000000
-5.181534 -12.509329 0.000000 0.251076 -0.103999 0.000000
-0.000000 -13.540000 0.000000 0.271763 -0.000000 0.000000
5.181534 -12.509329 0.000000 0.251076 0.103999 0.000000
9.574226 -9.574226 0.000000 0.192166 0.192166 0.000000
12.509329 -5.181534 0.000000 0.103999 0.251076 0.000000
14.010000 0.000000 0.000000 -0.000000 0.267166 0.000000
12.943552 5.361395 0.000000 -0.102240 0.246829 0.000000
9.906566 9.906566 0.000000 -0.188915 0.188915 0.000000
5.361395 12.943552 0.000000 -0.246829 0.102240 0.000000
0.000000 14.010000 0.000000 -0.267166 0.000000 0.000000
-5.361395 12.943552 0.000000 -0.246829 -0.102240 0.000000
-9.906566 9.906566 0.000000 -0.188915 -0.188915 0.000000
-12.943552 5.361395 0.000000 -0.102240 -0.246829 0.000000
-14.010000 0.000000 0.000000 -0.000000 -0.267166 0.000000
-12.943552 -5.361395 0.000000 0.102240 -0.246829 0.000000
-9.906566 -9.906566 0.000000 0.188915 -0.188915 0.000000
-5.361395 -12.943552 0.000000 0.246829 -0.102240 0.000000
-0.000000 -14.010000 0.000000 0.267166 -0.000000 0.000000
5.361395 -12.943552 0.000000 0.246829 0.102240 0.000000
9.906566 -9.906566 0.000000 0.188915 0.188915 0.000000
12.943552 -5.361395 0.000000 0.102240 0.246829 0.000000
14.820000 0.000000 0.000000 -0.000000 0.259762 0.000000
13.691895 5.671368 0.000000 -0.099407 0.239989 0.000000
10.479322 10.479322 0.000000 -0.183680 0.183680 0.000000
5.671368 13.691895 0.000000 -0.239989 0.099407 0.000000
0.000000 14.820000 0.000000 -0.259762 0.000000 0.000000
-5.671368 13.691895 0.000000 -0.239989 -0.099407 0.000000
-10.479322 10.479322 0.000000 -0.183680 -0.183680 0.000000
-13.691895 5.671368 0.000000 -0.099407 -0.239989 0.000000
-14.820000 0.000000 0.000000 -0.000000 -0.259762 0.000000
-13.691895 -5.671368 0.000000 0.099407 -0.239989 0.000000
-10.479322 -10.479322 0.000000 0.183680 -0.183680 0.000000
-5.671368 -13.691895 0.000000 0.239989 -0.099407 0.000000
-0.000000 -14.820000 0.000000 0.259762 -0.000000 0.000000
5.671368 -13.691895 0.000000 0.239989 0.099407 0.000000
10.479322 -10.479322 0.000000 0.183680 0.183680 0.000000
13.691895 -5.671368 0.000000 0.099407 0.239989 0.000000
15.840000 0.000000 0.000000 -0.000000 0.251259 0.000000
14.634252 6.061706 0.000000 -0.096153 0.232133 0.000000
11.200571 11.200571 0.000000 -0.177667 0.177667 0.000000
6.061706 14.634252 0.000000 -0.232133 0.096153 0.000000
0.000000 15.840000 0.000000 -0.251259 0.000000 0.000000
-6.061706 14.634252 0.000000 -0.232133 -0.096153 0.000000
-11.200571 11.200571 0.000000 -0.177667 -0.177667 0.000000
-14.634252 6.061706 0.000000 -0.096153 -0.232133 0.000000
-15.840000 0.000000 0.000000 -0.000000 -0.251259 0.000000
-14.634252 -6.061706 0.000000 0.096153 -0.232133 0.000000
-11.200571 -11.200571 0.000000 0.177667 -0.177667 0.000000
-6.061706 -14.634252 0.000000 0.232133 -0.096153 0.000000
-0.000000 -15.840000 0.000000 0.251259 -0.000000 0.000000
6.061706 -14.634252 0.000000 0.232133 0.096153 0.000000
11.200571 -11.200571 0.000000 0.177667 0.177667 0.000000
14.634252 -6.061706 0.000000 0.096153 0.232133 0.000000
16.190000 0.000000 0.000000 -0.000000 0.248529 0.000000
14.957610 6.195645 0.000000 -0.095108 0.229611 0.000000
11.448059 11.448059 0.000000 -0.175736 0.175736 0.000000
6.195645 14.957610 0.000000 -0.229611 0.095108 0.000000
0.000000 16.190000 0.000000 -0.248529 0.000000 0.000000
-6.195645 14.957610 0.000000 -0.229611 -0.095108 0.000000
-11.448059 11.448059 0.000000 -0.175736 -0.175736 0.000000
-14.957610 6.195645 0.000000 -0.095108 -0.229611 0.000000
-16.190000 0.000000 0.000000 -0.000000 -0.248529 0.000000
-14.957610 -6.195645 0.000000 0.095108 -0.229611 0.000000
-11.448059 -11.448059 0.000000 0.175736 -0.175736 0.000000
-6.195645 -14.957610 0.000000 0.229611 -0.095108 0.000000
-0.000000 -16.190000 0.000000 0.248529 -0.000000 0.000000
6.195645 -14.957610 0.000000 0.229611 0.095108 0.000000
11.448059 -11.448059 0.000000 0.175736 0.175736 0.000000
14.957610 -6.195645 0.000000 0.095108 0.229611 0.000000
17.830000 0.000000 0.000000 -0.000000 0.236823 0.000000
16.472772 6.823246 0.000000 -0.090628 0.218796 0.000000
12.607714 12.607714 0.000000 -0.167459 0.167459 0.000000
6.823246 16.472772 0.000000 -0.218796 0.090628 0.000000
0.000000 17.830000 0.000000 -0.236823 0.000000 0.000000
-6.823246 16.472772 0.000000 -0.218796 -0.090628 0.000000
-12.607714 12.607714 0.000000 -0.167459 -0.167459 0.000000
-16.472772 6.823246 0.000000 -0.090628 -0.218796 0.000000
-17.830000 0.000000 0.000000 -0.000000 -0.236823 0.000000
-16.472772 -6.823246 0.000000 0.090628 -0.218796 0.000000
-12.607714 -12.607714 0.000000 0.167459 -0.167459 0.000000
-6.823246 -16.472772 0.000000 0.218796 -0.090628 0.000000
-0.000000 -17.830000 0.000000 0.236823 -0.000000 0.000000
6.823246 -16.472772 0.000000 0.218796 0.090628 0.000000
12.607714 -12.607714 0.000000 0.167459 0.167459 0.000000
16.472772 -6.823246 0.000000 0.090628 0.218796 0.000000
22.100000 0.000000 0.000000 -0.000000 0.212718 0.000000
20.417738 8.457304 0.000000 -0.081404 0.196526 0.000000
15.627060 15.627060 0.000000 -0.150414 0.150414 0.000000
8.457304 20.417738 0.000000 -0.196526 0.081404 0.000000
0.000000 22.100000 0.000000 -0.212718 0.000000 0.000000
-8.457304 20.417738 0.000000 -0.196526 -0.081404 0.000000
-15.627060 15.627060 0.000000 -0.150414 -0.150414 0.000000
-20.417738 8.457304 0.000000 -0.081404 -0.196526 0.000000
-22.100000 0.000000 0.000000 -0.000000 -0.212718 0.000000
-20.417738 -8.457304 0.000000 0.081404 -0.196526 0.000000
-15.627060 -15.627060 0.000000 0.150414 -0.150414 0.000000
-8.457304 -20.417738 0.000000 0.196526 -0.081404 0.000000
-0.000000 -22.100000 0.000000 0.212718 -0.000000 0.000000
8.457304 -20.417738 0.000000 0.196526 0.081404 0.000000
15.627060 -15.627060 0.000000 0.150414 0.150414 0.000000
20.417738 -8.457304 0.000000 0.081404 0.196526 0.000000
27.390000 0.000000 0.000000 -0.000000 0.191075 0.000000
25.305060 10.481699 0.000000 -0.073121 0.176530 0.000000
19.367655 19.367655 0.000000 -0.135110 0.135110 0.000000
10.481699 25.305060 0.000000 -0.176530 0.073121 0.000000
0.000000 27.390000 0.000000 -0.191075 0.000000 0.000000
-10.481699 25.305060 0.000000 -0.176530 -0.073121 0.000000
-19.367655 19.367655 0.000000 -0.135110 -0.135110 0.000000
-25.305060 10.481699 0.000000 -0.073121 -0.176530 0.000000
-27.390000 0.000000 0.000000 -0.000000 -0.191075 0.000000
-25.305060 -10.481699 0.000000 0.073121 -0.176530 0.000000
-19.367655 -19.367655 0.000000 0.135110 -0.135110 0.000000
-10.481699 -25.305060 0.000000 0.176530 -0.073121 0.000000
-0.000000 -27.390000 0.000000 0.191075 -0.000000 0.000000
10.481699 -25.305060 0.000000 0.176530 0.073121 0.000000
19.367655 -19.367655 0.000000 0.135110 0.135110 0.000000
25.305060 -10.481699 0.000000 0.073121 0.176530 0.000000
